9.966730977149453,0.1000126136659767,5.575505569393132,-31.84809411534154,40.31521594227121,5.638247328447716,0.2154316129099809,80.87693158641133,5.606720930561291,34.3265510246268,41.15642956799689,5.599146298842354
9.962628185188777,0.10001260874767391,5.582267575589186,-31.873583419932068,40.12393551179064,5.638247328447716,0.2154316129099809,80.28113344143854,5.613315795846774,34.43993599475617,40.07807979371137,5.610363518866946
9.9856269486788,0.10001260874767391,5.576872752715601,-31.872462671180738,39.72664134874611,5.617423667932062,0.47610507361005916,80.20667842482558,5.728880395017333,34.3265510246268,40.87933508255136,5.601258696953261
9.966730977149453,0.10003463125596847,5.713053167467552,-31.953664923266132,39.25017663406881,5.605959444593558,0.22430786625705013,80.20667842482558,5.748391783794327,32.44262234887773,40.87312010931797,5.599156615859073
9.972372973427664,0.10004587573370509,5.713053167467552,-31.885263651116894,39.25017663406881,5.646157035750847,0.22429635261602096,80.20667842482558,5.753033660324432,32.44262234887773,41.07516575985872,5.599156615859073
9.966730977149453,0.10003463125596847,5.713053167467552,-31.84809411534154,39.25017663406881,5.602851108346633,0.21962549403497042,80.20667842482558,5.748391783794327,34.141521010260405,40.87312010931797,5.599156615859073
9.966101136807334,0.1000334569421836,5.707282719950422,-31.84809411534154,40.47515205163999,5.604027659679184,0.1704222734346431,80.20667842482558,5.7538939409438425,34.3265510246268,40.87933508255136,5.60301967235703
9.966730977149453,0.10001234749301637,5.575543725387222,-31.84809411534154,39.4347278238441,5.601859762553812,0.21962549403497042,80.19566323711321,5.754124183775682,34.3265510246268,40.87933508255136,5.609747948501144
9.958390845104065,0.10003075847953832,5.621198053157161,-34.12103050555036,38.37210601966478,5.540115317623107,0.3438813188323312,79.5164727539674,5.618053917252451,32.580713439844345,39.83133143806864,5.521557382709641
9.950408567917906,0.100010874069908,5.535854704628534,-34.186525548151174,39.69108412477844,5.605959444593558,-0.30296116451010136,79.46079188490928,5.736684205377445,32.54368164339996,39.80084240074174,5.556736156326241
9.966730977149453,0.10001281434527264,5.588925217186645,-31.84809411534154,40.31521594227121,5.638247328447716,0.2154316129099809,79.34889210711638,5.606008796264587,33.592367974091935,41.15642956799689,5.503566996508025
9.992204659319787,0.10003873677362535,5.628321065814636,-34.185548719638874,39.6885294980369,5.637719361942214,-0.05034456174949804,78.63748080958823,5.74270631010688,33.59508317980477,39.21102894813306,5.55659850234611
9.953290333973754,0.10004100093668392,5.618957350078784,-31.978540420393205,39.72899951217944,5.583286258569454,0.584433036581817,78.18542816683971,5.741225341228672,33.480586302112485,39.291693908905245,5.559974493109046
9.94471567564536,0.10003465827181476,5.616170295976495,-34.183019288242214,39.6885294980369,5.701320260636716,-0.46660525496580263,77.86812508832655,5.747833963221322,33.454558281102436,38.73575172354072,5.557282164363226
9.950218119594837,0.10003467282331423,5.535854704628534,-34.186525548151174,40.27469049204,5.670738206601122,-0.23832368295209605,77.82779841724832,5.760631325870089,32.115919177467696,39.65901966665898,5.556736156326241
9.945343563595623,0.10003495825334031,5.707645564868432,-34.02265920229681,39.80222031869977,5.605959444593558,-0.30296116451010136,77.55990294585807,5.528769717636802,32.61953207953587,37.90145706032797,5.556364146816184
9.93107969410536,0.1000347250858317,5.707645564868432,-34.186525548151174,39.803110017096635,5.605959444593558,-0.303094174186904,77.34266467370533,5.758171376484055,32.62121259871397,39.75422907933639,5.556364146816184
9.93107969410536,0.1000347250858317,5.707645564868432,-34.186525548151174,39.80222031869977,5.605959444593558,-0.30296116451010136,77.34266467370533,5.7629786249434884,32.61953207953587,39.75304041623429,5.556364146816184
9.950218119594837,0.10003467282331423,5.535854704628534,-34.186525548151174,39.6885294980369,5.605959444593558,-0.30296116451010136,77.28697503736836,5.750292324821705,32.54368164339996,39.75304041623429,5.556736156326241
9.950218119594837,0.10003467282331423,5.535854704628534,-34.19150187270019,39.6885294980369,5.605959444593558,-0.30296116451010136,77.1754947476224,5.750292324821705,32.575158556438254,39.74975622689562,5.5001254542500595
9.9494411801167,0.10003404828396613,5.569460581998308,-32.03699159225485,38.44282364633549,5.5389485748184395,0.30058139226922514,77.17206757556355,5.630265897795672,34.400823980620345,39.33676114911954,5.586906065465094
9.980418008663408,0.10000326365541878,5.498562670113165,-34.34296127350039,36.33394644376945,5.605885349838879,-0.5772352988386497,77.11108163601772,5.477810632256097,33.121477487424016,39.53587713310241,5.559686042600499
9.862614754931478,0.1000469420536172,5.657339164987294,-33.75626405765643,39.65246143886484,5.535541463272135,0.3454553585145669,76.50867060647084,5.623760467224556,33.91725582155634,39.8014442737402,5.523215034818993
9.704451914385169,0.10000536244684734,5.5623193591294,-34.02417128582826,38.566391876288165,5.506849555882126,0.22370446055232807,76.4836222886215,5.617694090871089,32.457749009913115,40.131450137399085,5.59275037892349
9.65150364608245,0.10004105584455175,5.574120088466215,-34.474155114488944,38.213466051795,5.534638002298683,0.38965578974387327,76.23444099597015,5.617694090871089,33.17586269611502,38.56339699853355,5.634557305023523
9.65150364608245,0.1000143921138385,5.562644237287017,-34.221552530558256,38.516174744715705,5.536746245581698,0.33953003707955676,76.23444099597015,5.617662251447905,32.60179441579167,38.56339699853355,5.501036149189625
9.65150364608245,0.10000595850498083,5.562610671385572,-34.221552530558256,38.466260088544935,5.539212472822266,0.3384008712090273,76.23444099597015,5.617662251447905,32.68721857868831,38.56339699853355,5.492248763281145
9.65150364608245,0.10004758879640208,5.561529780426264,-34.221552530558256,38.516174744715705,5.535924850796487,0.37619724418434836,76.21213601603299,5.614983419376672,32.68721857868831,38.56339699853355,5.501036149189625
9.65150364608245,0.10000536244684734,5.566259024636001,-34.22132459631659,38.49252505869625,5.506849555882126,0.22370446055232807,76.17913256595511,5.617694090871089,32.457913203010236,40.131450137399085,5.586101314776874
9.626703592677924,0.10001220075518237,5.566259024636001,-32.043700545442746,38.474797230146294,5.571663720764416,0.24184482150484318,76.17796476699212,5.555434114990432,32.457913203010236,40.19895327111807,5.586101314776874
9.542418315496212,0.1000122691458198,5.512923379687844,-34.246357861540446,36.32766583276335,5.506794670853921,-0.627846432808689,76.0959654173816,5.5673936384522555,32.419159185083544,39.90460402581582,5.531625879837163
9.630022292151303,0.10003516525029621,5.7335889851437845,-33.75402993475934,39.022525412824024,5.55839002592349,0.41898683018044997,75.90964749015144,5.61520738083946,33.90880454012682,38.88653541641079,5.585869083734782
9.660193234132489,0.10000791440469942,5.570289583535884,-34.1178951969173,36.1713677656748,5.621102922476613,-0.2834444455260251,75.177286368265,5.630111564853631,33.55496215038604,38.84315614219721,5.508701529818115
9.658883011700748,0.10004012854515552,5.708785947186151,-34.20724450584125,38.991363197356534,5.557567049719097,0.4111357051937996,75.15873545303948,5.630129897535507,32.617815896290146,38.843156439811104,5.508761597993024
9.67068359389885,0.10004576731711591,5.57989774657673,-34.37745225927113,38.51130311167211,5.615342082429111,0.3903445891099163,75.12623697635173,5.571669758995326,33.980008231911945,39.81500786891429,5.532333041525982
9.613747023546297,0.10000504144169133,5.494786847843442,-34.34296127350039,36.33394644376945,5.593675906092957,-0.5772352988386497,75.12323246727422,5.579890923084952,33.121477487424016,39.80255053468497,5.559794919415904
9.642646753192365,0.10004008973697683,5.572357138367897,-34.11884469344255,38.855572811034435,5.5570381838073235,0.42994793542584525,74.95440070265884,5.622104762793082,32.668887085227674,38.828982068854835,5.475139784342022
9.656023479298534,0.10003971622089852,5.521009870715038,-34.15145988437071,38.9816650950742,5.557754754846343,0.4340268399566943,74.89722136895415,5.617965710691334,32.54797959527733,38.843156439811104,5.50767526550001
9.656023479298534,0.10003971622089852,5.712434300436579,-34.20701657159958,38.958015409054745,5.556280201221293,0.4111357051937996,74.89722136895415,5.6184474529868655,33.86238591768522,38.843156439811104,5.627983241710199
9.576065363070036,0.10003989162012354,5.724276944196387,-32.104687566022854,37.7565448783939,5.569811354581914,0.24335767940970532,74.87441724228715,5.567407695270505,32.63364184908368,37.896401997404,5.50989795004235
9.53537207181605,0.10004562208581193,5.7204792932483,-32.30426834168097,39.358470573404865,5.581647943313775,0.41209902444860713,74.75627637114746,5.566900302186914,33.75644539830526,39.192258332756616,5.501467237337605
9.546938148712298,0.10004562208581193,5.724671467282501,-32.30426834168097,39.358470573404865,5.570465734269223,0.41209902444860713,74.71218272014711,5.566900302186914,32.617815896290146,39.192258332756616,5.501467237337605
9.56737219483119,0.10001173613050894,5.517813088971973,-34.071019184558864,36.2353817709565,5.536469003884978,-0.6536523742541365,74.26913929055247,5.630265897795672,34.00684734164759,39.33676114911954,5.532430630525383
9.561600532231575,0.10001173613050894,5.517813088971973,-34.071019184558864,36.2353817709565,5.536469003884978,-0.5706829126230459,74.18553984761299,5.630265897795672,34.00684734164759,39.33676114911954,5.532430630525383
9.53438469502541,0.10000461184831715,5.54264828949228,-34.18935459915296,38.43537726004999,5.583839540149089,-0.2479596582270739,73.65708203150622,5.628817397357483,33.54062065050939,38.86690602496162,5.497332163785314
9.538419974721723,0.10000670159089899,5.552330319260612,-34.18927883947612,38.43537726004999,5.638032654031458,-0.05375690314321874,73.65708203150622,5.628817397357483,33.596480365492525,38.866171035667,5.497332163785314
9.589206072841144,0.10000815591874868,5.573674614527119,-34.101397548661524,36.1713677656748,5.645886103349007,0.03579004683334258,73.15871655839281,5.607329003000672,33.63621282461638,38.839595744646125,5.503017358860647
9.575307794679278,0.10000498182573099,5.738654517445183,-34.152868254319586,38.4883811993718,5.638032654031458,-0.053913880506461835,73.1293950460071,5.628817397357483,33.57830211317698,38.82648689404779,5.58947590274658
9.538566488210812,0.10000498182573099,5.7276139108553705,-34.19137331614797,38.72040685932435,5.6361768884784,-0.05375690314321874,73.09543432046105,5.6281103214017225,33.596480365492525,38.82865847403191,5.503017358860647
9.576888455274286,0.10001173613050894,5.475899519343584,-34.071019184558864,36.2353817709565,5.469002950395536,-0.7722410429941795,72.98942894111595,5.630265897795672,34.00684734164759,38.893093414515505,5.532430630525383
9.095441430376525,0.10003971622089852,5.513078872266802,-34.20724450584125,38.9816650950742,5.557567049719097,0.4111357051937996,72.96194695458608,5.618415613563683,32.617815896290146,38.80890448032298,5.4993383378805225
9.047719271856009,0.10004491699535847,5.512443422548171,-34.01808914778165,35.31019228194077,5.538746231251955,0.2803944371737196,72.94493946750246,5.522811710970078,32.40417463589158,39.61263910378116,5.488935342065855
9.047719271856009,0.10004491699535847,5.512443422548171,-34.01808914778165,35.037873797480486,5.536645677689255,0.2803944371737196,72.93392427979008,5.522811710970078,32.40417463589158,39.61263910378116,5.4995266747079254
9.094580195502155,0.10003971622089852,5.513078872266802,-34.20724450584125,36.692342455235945,5.557567049719097,0.42537634089387805,72.86492554505215,5.6214289468615,32.617815896290146,38.77502446315505,5.423557920466105
9.073545172699516,0.10000361603525251,5.514701497133688,-34.01808914778165,35.39405276895183,5.538746231251955,0.31325486448439793,72.64784184007735,5.522811710970078,32.217963519702984,39.236680168971326,5.488935342065855
9.143153237432331,0.10000326365541878,5.498562670113165,-34.34296127350039,36.33394644376945,5.578118420258983,-0.5772352988386497,71.75332931200124,5.477810632256097,33.121477487424016,37.91133908507352,5.559686042600499
8.973030959185643,0.10000469999740436,5.521609245311663,-34.19079457840407,36.303500167114414,5.523877140911855,-0.5371906062524581,71.6978324591918,5.447194324587517,32.372783493042355,37.98942159813378,5.465501287948876
8.990700015840396,0.10003272632447013,5.521609245311663,-34.19061482196079,36.303500167114414,5.523877140911855,-0.059143380767498144,71.6978324591918,5.447362004211799,32.58128268804623,39.3490744627471,5.526118118143258
8.97314743551639,0.10000340595014093,5.571957418278756,-34.30903997392054,36.29341330270831,5.526982724888986,-0.5769120647969321,71.59873605002635,5.47811003211217,32.36986018113592,39.34348166149338,5.465498284738818
8.972395013997772,0.10000504144169133,5.571957418278756,-34.19693330357266,36.292523604311434,5.526982724888986,-0.5767790551201295,71.59873605002635,5.482917280571604,32.368179661957825,39.34229299839128,5.465498284738818
8.92819601811048,0.1000028187575978,5.492402663168591,-34.20599488350844,36.457909294961475,5.529531368703194,0.8398104934598443,71.57166494654585,5.476373899468457,32.363059584409235,39.31795606422634,5.465406447329802
8.713566676465964,0.10000274267217758,5.490576704154154,-34.08850595910962,36.28460807525391,5.455276554185922,-0.5842979423991115,71.5581786189272,5.475037862502322,32.66122126490729,38.85504402920627,5.496142714488272
8.904808184460464,0.10000460356390264,5.571957418278756,-34.19693330357266,36.29341330270831,5.526982724888986,-0.5769120647969321,70.94652277266906,5.47811003211217,32.376127079915406,39.34137204271087,5.465498284738818
9.011016578126718,0.10003403216523803,5.571957418278756,-34.108472148196945,36.55380144358067,5.593675906092957,-0.5772352988386497,70.71730926067875,5.448221357760786,31.709385162893554,38.759797242001454,5.473919228690793
8.948663088798654,0.10003403216523803,5.572357138367897,-34.11987381290847,36.47289580193163,5.534132766894362,-0.5772352988386497,70.40652974886578,5.461934888758207,31.709385162893554,38.863159660617946,5.473625632097917
8.948683651036568,0.10003403216523803,5.572357138367897,-34.18458304933652,36.47331657307162,5.527733938021198,-0.5825682858630454,70.29027215813652,5.456817128194581,31.709385162893554,38.01303475155535,5.475139784342022
8.95183741480627,0.10003403216523803,5.572357138367897,-34.121163012789374,36.47331657307162,5.534132766894362,-0.5772352988386497,70.29027215813652,5.456817128194581,31.709385162893554,38.828982068854835,5.475139784342022
8.663606795994529,0.10003434972189834,5.4542155569544075,-34.141665287983955,36.45210033428702,5.54731211168059,-0.5779932729324132,70.2885624940401,5.4566084539069895,33.08434913276503,37.88758356999868,5.47427735806476
8.712248372721183,0.10004420855700909,5.451988500829821,-31.981088828705563,38.66653820898597,5.409514307168969,0.46390007393743204,70.22942244077441,5.483881798978436,33.811006365621225,37.78655136381888,5.460855609857295
8.907766424813923,0.10000488672534322,5.469609036696873,-34.14300694696882,36.070423339886425,5.458488108818581,0.39520778072022683,69.78873775649579,5.626598681709752,33.55004899837677,38.818607888692895,5.50141794813506
8.936712634454228,0.10000488269879913,5.51856583290639,-34.19079457840407,36.06904620704418,5.457451376619593,-1.7384956925187534,69.51063111508559,5.447720208419814,32.372783493042355,37.98942159813378,5.465728749884039
8.946463464035837,0.1000109882337342,5.51856583290639,-34.158345554565734,36.06904620704418,5.461795618093749,-1.7384956925187534,69.47425343498644,5.447720208419814,33.13279354435783,37.98942159813378,5.46481319187062
8.929676381660416,0.10000488672534322,5.469609036696873,-34.14300694696882,36.070423339886425,5.458488108818581,-0.5664078705525377,69.43100566195729,5.626598681709752,33.59771436989115,39.07388520934074,5.495742484126139
8.814056805062162,0.10004383481368297,5.3925143906018995,-34.0245842800376,36.850523213421944,5.361584607484128,0.35216793974982985,69.00544410455338,5.532422511714884,32.41650286822997,37.88758356999868,5.4350744811617835
8.657153832726946,0.10000333065476946,5.390284589295124,-34.1478454879756,32.75955207404809,5.381068498132708,0.33894830562602907,68.93171359397178,5.380598400037028,32.21226657617243,39.20948654667319,5.436690026866878
8.637558221644444,0.10000840547195164,5.4505736983749165,-34.34436442098056,36.06619541902833,5.382278546580132,-0.5542451425230728,68.79497344012249,5.56946384960126,33.092056449223634,39.0835177205759,5.424758635360791
8.633710544594887,0.10000840547195164,5.4505736983749165,-34.34436442098056,36.070423339886425,5.370892138615918,-0.10072508986312378,68.6300729379901,5.3907725914934765,33.06563892827915,39.084663929422256,5.423357481947734
8.578655413840673,0.10000840547195164,5.4505736983749165,-34.344222385973644,36.321285654686555,5.370892138615918,0.01838881242624487,68.58434148458166,5.3907725914934765,33.06563892827915,39.084663929422256,5.423357481947734
8.654988268576552,0.10000329643650405,5.393181182932797,-34.3590357467964,36.329529776641365,5.388083768701271,0.039973653287041444,68.18889557492852,5.473897221851118,32.21664648483871,37.88804987907562,5.46126140922692
8.654988268576552,0.1000010044908641,5.393181182932797,-34.29901443072076,36.283286746608695,5.387505200088864,0.27560760872596807,68.14871601209364,5.473897221851118,32.18552319253399,37.89922288996923,5.46126140922692
8.663021014410491,0.10000329643650405,5.393155438796747,-34.33095439284219,37.28864627644589,5.381101842418872,0.3723428545407938,68.13811862373264,5.449131810920293,32.213942342112986,37.88537212472465,5.485322734266289
8.655781134467485,0.10000329643650405,5.393181182932797,-34.33095439284219,37.12761703217804,5.387505200088864,0.35048214193608895,68.05680314088815,5.450942205065988,32.201258128545874,37.88537212472465,5.484439223245468
8.655781134467485,0.10000329643650405,5.393181182932797,-34.306639513261395,37.12761703217804,5.387505200088864,0.346181468595093,68.05680314088815,5.450942205065988,32.201258128545874,37.89922288996923,5.484439223245468
8.655781134467485,0.10000328038834169,5.392942261318203,-34.306639513261395,36.27660630736642,5.374445323904539,-0.7059527351339916,68.04811860788031,5.450942205065988,32.16485408516515,37.90168532204492,5.484178321584493
8.683402980759347,0.10000329643650405,5.39056621449792,-34.36205500718545,36.385101836374076,5.393537775740376,0.3516788037190829,67.81503024578942,5.480812483353215,32.0855063839147,37.979266202293076,5.441613952788408
8.633710544594887,0.1000105387769123,5.4542155569544075,-34.36252827964372,36.39340157720509,5.371339537694949,0.3508049951623665,67.78405383722057,5.388299970524328,33.0578438080321,37.88758356999868,5.43616660677424
8.68065410361305,0.10000329643650405,5.392490513799809,-34.36990035989503,36.63305662843325,5.435871764149547,-0.08161128849397059,67.66570248829589,5.339752855982214,32.21739082443401,37.88758356999868,5.423547985509394
8.710549263784156,0.1000440895489836,5.4521006491205055,-34.18650201106518,36.299768486429116,5.411546870411929,0.4475720431016364,66.9851759355222,5.483191281080361,33.12729151480987,38.012325049293764,5.424105999053757
8.663606795994529,0.1000109979935379,5.4511859176880675,-34.1584351058431,36.192041900250274,5.375138118609143,-0.3024279756096192,66.9851759355222,5.410709482623141,33.12729151480987,37.84813453515784,5.402977857493885
8.65385596641292,0.1000048924586251,5.4511859176880675,-34.19088412968144,36.192041900250274,5.370793877134986,-0.3024279756096192,67.02155361562133,5.410709482623141,32.367281463494386,37.84813453515784,5.403893415507303
8.273365335523021,0.10000364428557698,5.3900444401744405,-34.369988477516316,35.787994679887404,5.3406427160831385,-1.3894177756333084,66.95804228722373,5.344382158121964,31.868449654312357,37.64911957543491,5.349243492524318
8.316512111517872,0.1000034897909727,5.3900444401744405,-34.3742491596742,35.302927351286094,5.345252065396091,-1.2939567855463274,66.80272702788967,5.338889034418133,31.87118361007786,37.770844547959065,5.349243492524318
8.437860665326477,0.10001077843950278,5.392872545941829,-32.35942837840671,39.37310994632504,5.43679098591621,0.27644669810678224,66.70900808982361,5.388676740332001,33.08992137215174,37.82633066035451,5.403715613160189
8.439285742689124,0.10001077843950278,5.393925923203095,-32.35942837840671,39.37310994632504,5.43679098591621,0.27644669810678224,66.49362878164465,5.443974142000569,33.91585396922201,37.85842762094365,5.403715613160189
8.249332868132202,0.10004353341118519,5.4140149379746845,-34.02271122126878,36.80484160614687,5.380045480963078,0.40332453332804785,66.47255720074953,5.401126778561883,32.40187720121465,39.21330623393046,5.4286935169911885
8.43113632454831,0.10003628193143055,5.392670925020689,-32.45561048223097,39.39663783678435,5.392249487004206,0.2805091888906421,66.32087752882002,5.386872445997811,33.07207171993636,39.072119027301284,5.356286523047983
5.149645558277194,0.10000654331642936,4.705738140124955,-36.04956011199541,-6.501289797997927,4.65304954407905,-34.37687950012553,19.21115603954035,4.660392349260642,-2.9625113568478243,-25.782978806948243,4.654580902787501
5.149645558277194,0.10001085356640244,4.705738140124955,-36.04956011199541,-6.50760373480943,4.652767377948818,-34.37687950012553,19.21115603954035,4.660392349260642,-2.995930893309829,-25.782978806948243,4.654533971726718
5.181008108615149,0.10000023077413933,4.648351286075417,-36.01664059593099,-8.57352302784227,4.633695456336092,-35.12438135842601,17.38510447516156,4.671856206228985,-2.823110694107905,-26.163394356799188,4.665123949778946
5.181008108615149,0.10000054698967438,4.648351286075417,-36.01664059593099,-9.349889373436666,4.646319894704608,-35.09429986900048,17.087801496680193,4.668746049815447,-2.9036941589925616,-26.163394356799188,4.665123949778946
5.181008108615149,0.10000009269568545,4.6483507256923895,-36.01696247693601,-9.343634300232038,4.633695456336092,-35.02053042103594,17.08882793182874,4.664161806705532,-2.8441127605180307,-25.788753673667564,4.6180201594303085
5.181008108615149,0.10003429522868462,4.6483507256923895,-36.016809590238175,-9.349889373436666,4.633879297294479,-35.01796785189915,17.08882793182874,4.664161806705532,-2.8441127605180307,-25.788753673667564,4.6180201594303085
5.182518666500151,0.1000336315647099,4.70413887469972,-36.02282425350194,-9.266025481289248,4.649872067642618,-34.75290336836816,17.08882793182874,4.63560083176828,-3.419333963044742,-25.84861498599444,4.631265329685771
5.182518666500151,0.10000967478931888,4.705945268904107,-36.011858673966906,-9.349889373436666,4.649908003067287,-34.822237523859634,17.088095945652352,4.637291474802904,-3.630905881377304,-25.84861498599444,4.631265329685771
5.182518666500151,0.1000336315647099,4.644311765195301,-36.01428707993911,-9.349889373436666,4.649872067642618,-34.75290336836816,17.08882793182874,4.637291474802904,-3.630905881377304,-25.84861498599444,4.631265329685771
5.177846669873632,0.10001303058556914,4.65841152406269,-36.01744644387765,-9.343516667144769,4.6338669342838426,-33.138458843517206,17.011949340839102,4.661448157877305,-2.8012511888618192,-25.889515898166554,4.618739594937815
5.18090269109271,0.10001050847762287,4.7058116950178315,-36.12505421846442,-8.74089416628406,4.644581254349991,-33.112736961419145,17.01984662666596,4.714344706973631,-3.4064775064997623,-26.027928589293392,4.653177641723634
5.181008108615149,0.10000052286358481,4.613148612924825,-36.08703128646891,-11.197325196655363,4.633695456336092,-35.12438135842601,15.022987856857185,4.7096284876149985,-3.4696311816939094,-26.59785616097715,4.658748937857313
5.181008108615149,0.10000052165448017,4.609649971584924,-36.12505399496455,-11.182876016234124,4.625171048328502,-35.0521934141698,14.933611524527947,4.7096284876149985,-3.4696311816939094,-26.56112997437035,4.658748937857313
5.1806794843986,0.10000707446775206,4.682592210661601,-36.05607852297855,-10.175592727436111,4.655793648490299,-36.24510576390899,16.7231659846018,4.669267337891464,-1.1106107156490017,26.50797535880608,4.653569166279622
5.1806794843986,0.10000707446775206,4.682592210661601,-36.05607852297855,-10.050401772112009,4.64427108323646,-36.2393356415783,16.80021612910708,4.669267337891464,-1.1106107156490017,26.508632480857248,4.653569166279622
5.160321633236941,0.1000059159074462,4.648351803497423,-36.01664059593099,-8.54031650570923,4.655278106683074,-36.2283048266904,17.38510447516156,4.668862238376049,-0.9151245310057438,26.309241233162336,4.665168557544282
5.160321633236941,0.10000700009588374,4.648351803497423,-36.01664059593099,-8.57352302784227,4.655278106683074,-36.2283048266904,17.38510447516156,4.668806080186577,-1.95125758994981,26.2979353367717,4.665168557544282
5.160321633236941,0.10000699900132094,4.642893792605784,-35.69992927418445,-8.57287518465,4.621222199278788,-36.2283048266904,17.241676127422128,4.667471587282933,-1.9849613863079791,26.429594379865936,4.655798891323198
5.160321633236941,0.10000092366210118,4.636570816865055,-36.05650096787656,-8.71849665051552,4.653365753170876,-37.748652782891895,17.535465605050213,4.661720180206377,-2.601420656572021,25.96189011043867,4.634106123119557
5.157791488128512,0.10000699327451583,4.6475236127001684,-36.12244971763325,-6.536749284240122,4.654279581564322,-36.18885742105178,19.504680969832894,4.676660237658623,-1.0507585349111461,26.433791437511488,4.6529238175063385
5.160321633236941,0.10000054698967438,4.648351803497423,-36.01664059593099,-8.57352302784227,4.655278106683074,-36.230960707246666,17.38510447516156,4.668806080186577,-2.823110694107905,25.96189011043867,4.665123949778946
5.160321633236941,0.10000055446053105,4.647281556323298,-36.13127789312753,-8.563260672633728,4.721838476220799,-36.24499874331641,17.416735642621504,4.669010791412833,-2.823110694107905,25.851427623052697,4.665123949778946
5.160321633236941,0.10000056230961875,4.648351803497423,-36.015185593101506,-8.56309130475613,4.725006540228916,-36.23075579418356,17.38510447516156,4.668806080186577,-2.823110694107905,25.96189011043867,4.665123949778946
5.162393740336964,0.1000000462648079,4.664674420660463,-35.973918574288554,-3.471361978830518,4.646375537973229,-36.244841103675746,22.672084835310105,4.676421077286154,-0.7888908760419593,25.846994334516445,4.653815519816579
5.156439203264148,0.10000699327451583,4.64240929534731,-36.12309042892482,-3.4906670112778144,4.692679312237299,-36.24648660853065,22.737187339522627,4.628276339623115,-1.0654368638948024,25.813922355857056,4.655525750651151
5.149308829980736,0.10000054663741142,4.665999627163649,-36.05053559491595,-3.265980357092573,4.655026781166468,-36.24684704939497,22.87579316124552,4.631090326302926,-1.5615744096454565,26.196850305211065,4.666023265619932
5.148967608626985,0.10000697986350535,4.648660614682808,-36.06035403187214,-3.3989806307756787,4.652588665128672,-36.23618992904209,22.74662517820361,4.632813659224067,-1.5663792912309087,25.750549306644498,4.6529238175063385
5.160490867691439,0.10000697986350535,4.648383217313729,-36.06035403187214,-3.3996302618568084,4.652604007758642,-36.23618992904209,22.74662517820361,4.632813659224067,-2.0171999719354607,25.750549306644498,4.6529238175063385
5.160490867691439,0.10000697986350535,4.648383217313729,-36.06035403187214,-3.3996302618568084,4.652604007758642,-36.23618992904209,22.74662517820361,4.63281670320282,-2.016564405647292,25.730183125451784,4.62211735401263
5.162393740336964,0.10000002188369325,4.664674420660463,-34.234682076890884,-3.471361978830518,4.6462018443134,-36.244841103675746,22.875788277365523,4.6902196326489705,-0.9775267787437834,25.846994334516445,4.653815519816579
5.162393740336964,0.10000229090730625,4.664674420660463,-34.234682076890884,-2.990477824655354,4.6462018443134,-36.93964730695073,22.875788277365523,4.6902196326489705,-0.9775267787437834,25.846994334516445,4.653815519816579
5.235359643268892,0.10000697101826764,4.637526834570352,-34.130650511745806,-3.476408319455661,4.707942575840946,-36.65602514470449,22.659553304986147,4.676660237658623,-2.022340101625839,26.2978858968242,4.6529238175063385
5.160490867691439,0.10000618165150153,4.660503030866377,-33.34847054146944,-3.3996302618568084,4.651153036047734,-36.23618992904209,22.74662517820361,4.694473013246314,-0.994466011885247,25.845449303930245,4.6529238175063385
5.161930981543925,0.10000002188369325,4.664674420660463,-33.24080784286374,-3.470962588953699,4.6464587084963025,-36.24486072271654,22.876606638153252,4.6902196326489705,-0.9775267787437834,25.84222802864731,4.653815519816579
5.095025215353246,0.10000791168983157,4.666866363764283,-34.21498866990998,-3.3996158124816276,4.636040251402212,-36.24268105719619,22.828030473947795,4.632634868899412,-2.031879781678632,25.784091659761188,4.655841664258177
5.0978011183189675,0.10000791168983157,4.666097165368122,-34.1391020463186,-3.3996158124816276,4.636040251402212,-36.24268105719619,22.826535281973197,4.631379993419732,-2.031879781678632,25.866837419887364,4.655841664258177
5.094971502714381,0.10000002134118091,4.641772718231946,-34.11414616574826,-3.3819212213909675,4.636096733786143,-36.237489601697966,22.82505641961652,4.6508460556667615,-2.031879781678632,25.445300172764206,4.6557802213083574
5.094949749956105,0.10000020809790428,4.694704791859264,-34.11414616574826,-3.38157415262427,4.636096733786143,-36.24268105719619,22.826535281973197,4.632734600328619,-2.0637659829027433,25.44573504548168,4.656400475599014
5.081140265273127,0.10000826194564728,4.620911579749716,-34.140238990824706,-2.942015801343879,4.627769396265819,-36.26797497165877,22.742602583073726,4.6339080958319805,-2.043570814953177,25.770370757038183,4.627516611120258
5.081140265273127,0.10000825386768994,4.617451719859828,-34.140238990824706,-3.0097307018349233,4.627769396265819,-36.26797497165877,22.742602583073726,4.612934467291084,-2.043570814953177,25.444688389965577,4.6277506078845425
5.081140265273127,0.10000825386768994,4.617451719859828,-34.140238990824706,-2.942015801343879,4.627769396265819,-36.26797497165877,22.742602583073726,4.612934467291084,-2.043570814953177,25.444688389965577,4.628077301927996
5.094949619756602,0.10000696789598097,4.643221163092822,-34.122416472365934,-3.4106796739256215,4.634595639280833,-35.713840557107964,22.819169902261688,4.632217659416398,-2.5054344995319027,25.45516965593753,4.652978335481116
5.094949619756602,0.10000047562939615,4.616148530782476,-34.11414616574826,-3.3946320743938423,4.633905477224056,-36.23000200205425,22.73245500807138,4.632217659416398,-2.5183907793014897,25.449788352564845,4.6052864407028995
5.095407897038617,0.10000026594883166,4.6162301236896885,-34.05049751583715,-3.3882568665310493,4.627845452197055,-35.66206622311524,22.826671871233717,4.635086460732994,-2.5054344995319027,25.44571939577162,4.628250656245663
5.095407897038617,0.10000001186375626,4.6162301236896885,-34.05049751583715,-3.3882568665310493,4.627845452197055,-35.6592933192171,22.82519300887704,4.634963206539039,-2.5054344995319027,25.445284523054145,4.628250656245663
5.105478183471449,0.10000812928193809,4.616395636544877,-33.91132903082688,-3.1699187044065154,4.6386590529112475,-35.64786760476884,22.829187341262692,4.661796081845917,-2.51795456996167,25.80607111303416,4.655849084784509
5.10666549816481,0.10000006607343384,4.616395636544877,-33.8874346620319,-3.163678739187227,4.6386590529112475,-35.672635854678006,22.829187341262692,4.661796081845917,-2.51795456996167,25.455109406649907,4.655061596072619
5.004665991170264,0.10000018061904946,4.613462124251295,-33.8728315058648,-3.163678739187227,4.59950645961899,-35.65212651126168,22.670177437376015,4.66143014723976,-2.51795456996167,25.45521181107339,4.595849774248177
5.004665991170264,0.10003339463546404,4.667199053661416,-33.73681561984669,-2.9076384855542914,4.636465453634258,-35.65598767708447,22.70729223856473,4.616046095960004,-2.51795456996167,25.45521181107339,4.595849774248177
5.004665991170264,0.10005047957238437,4.641724978867877,-33.73681561984669,-2.9076384855542914,4.636465453634258,-35.65598767708447,22.70720704734058,4.66143014723976,-2.51795456996167,25.45521181107339,4.595849774248177
5.004665991170264,0.10003339463546404,4.64837774470226,-33.73681561984669,-2.9076384855542914,4.63643656964437,-35.641882042032975,22.70729223856473,4.677573560844846,-2.4528509402315226,25.42866135791091,4.595849774248177
5.156864098476573,0.10003873659654008,4.64837826975236,-33.86059033759026,-3.163678739187227,4.598716977903298,-34.51948834549662,22.816202555604626,4.67513100017669,-2.920699633660546,25.622458003511422,4.652952376794999
5.149308829980736,0.10000235695670505,4.665999627163649,-32.067044834369504,-2.920835709809187,4.6465246504173106,-33.82814989064841,22.892322506665685,4.631090326302926,-1.5615744096454565,26.207469350443226,4.67634696163715
5.149234202863279,0.10000201435573201,4.6434942253478075,-33.3211965671368,-2.935417957940284,4.665411648448353,-34.47602719299071,22.905903954440106,4.7144042763431075,-2.7623345499379077,25.614596899122247,4.608054771926345
5.036765611250854,0.10000158882499717,4.644374408136247,-32.04648073116869,-2.8716441551368423,4.645156635798176,-34.05479540519167,22.768932803786495,4.619188316885873,-1.4863206906594284,25.53568871132663,4.626118519158895
5.036765611250854,0.10001177254557983,4.644374408136247,-32.02260823302873,-2.8716441551368423,4.645156635798176,-34.05479540519167,22.768932803786495,4.619188316885873,-1.4863206906594284,25.53568871132663,4.63630230344005
5.031381871045016,0.10000584068716228,4.667076689140564,-32.04648073116869,-2.8716441551368423,4.598192218056366,-34.047558070083014,22.69939026211048,4.633132579038341,-1.4863206906594284,25.4848260508327,4.626118519158895
5.094949619756602,0.10000070356559221,4.590545290199549,-32.24336733842822,-3.1541432282940596,4.647832222135807,-34.04838583626327,22.67181398823422,4.661431041299128,-2.032069961833928,25.426719737276834,4.608838560316379
5.001081078463104,0.1000120285515726,4.6606530910903805,-32.24984195964981,-2.276856031976451,4.646846920239492,-33.95709924722578,22.689237855695843,4.602901825812404,-1.4439621139190226,25.552844622533712,4.627376727742621
5.142833054628782,0.10001676650244855,4.636383537255458,-31.866189952934704,-3.5120098306192737,4.646600292744972,-34.57882377409269,22.965003705526858,4.690334840145018,-2.549052961258201,25.84127646259673,4.656422276453437
5.00112810084155,0.10003472618638119,4.6605635826072325,-32.23269346513824,-2.2770423779392566,4.646846920239492,-33.956629536259534,22.689263010600786,4.561173664796755,-1.4860968175549836,25.552844622533712,4.6274012048305
5.164744380663997,0.10000175116948291,4.673444019758177,-32.049541218970575,-3.3310705117868746,4.672420213891487,-34.103964793427835,22.835745768181432,4.620165578533426,-2.68923928020867,25.800381106081765,4.63272190168579
5.091405122567465,0.10002256022079241,4.616481631004179,-32.26212980496103,-3.1560162254317676,4.639395670616857,-34.09368285641782,22.951284626876713,4.632219225398901,-2.5117608083596523,25.476258157806118,4.604652671471624
5.091465546798257,0.10004983411469408,4.692156396397936,-32.01845354911767,-2.942683403144307,4.639104825574809,-33.84856803263591,22.73117089011222,4.613610458632088,-2.081098762615067,25.475799733820637,4.603717238959592
5.084905842770856,0.10002256022079241,4.593588957421644,-32.15496763840121,-3.204008528649766,4.639311692196902,-34.09368285641782,22.958401017462492,4.650410303024174,-2.5117608083596523,25.47657105085524,4.60465809338811
5.091405122567465,0.10002256022079241,4.593588957421644,-32.15496763840121,-3.1560162254317676,4.639311692196902,-34.09368285641782,22.958401017462492,4.661379638493676,-2.5117608083596523,25.47657105085524,4.603717238959592
5.091405122567465,0.10002256022079241,4.628551554001996,-32.022869757730064,-3.2115232654440304,4.639311692196902,-34.09368506720735,23.003660053436125,4.660184825890162,-2.5117608083596523,25.500175764597127,4.603717238959592
5.085342588740444,0.10000013895301556,4.61396766054864,-32.04648073116869,-3.2030179559204526,4.593022852836786,-34.063036835379464,22.67243754473891,4.650001754746379,-2.616826325476695,25.54756753493857,4.654923898783316
5.149615874920786,0.10000097674045251,4.643844142224697,-32.01078272136631,-2.8313766208956803,4.627497529172555,-34.130275237206426,22.910278775159092,4.718554866103626,-2.7624594597238286,25.810850351133737,4.717596950135465
5.0945081301195305,0.10002256022079241,4.628658421388685,-32.022869757730064,-3.2115232654440304,4.639404587794138,-34.09368506720735,22.907563804995497,4.659698606490074,-2.7621386515739292,25.499666276716304,4.603327550582318
5.149615874920786,0.10000097674045251,4.643758973927615,-32.00106939623012,-2.8313766208956803,4.627497529172555,-34.05479005786173,22.910278775159092,4.718554866103626,-2.7623345499379077,25.810850351133737,4.717596950135465
5.158686866351786,0.10003437961754827,4.6482579605214,-31.899455203112957,-2.8313766208956803,4.655102076624065,-34.001542048716125,22.907081971668017,4.718554866103626,-2.7623345499379077,25.802847665230722,4.717596950135465
5.031381871045016,0.10000637917568436,4.648469627576311,-32.05313297459008,-2.8716441551368423,4.634270975828616,-34.047558070083014,22.69939026211048,4.633132579038341,-2.8411134451407847,25.4848260508327,4.625377834131509
5.138632894658457,0.10004757576474803,4.692878171679039,-31.8912435477241,-2.958310808222809,4.645175079915392,-33.98129793312115,22.711390664500826,4.743458869447915,-2.833948460045395,25.790110959043005,4.603765353840309
5.092398408160256,0.10004061510730437,4.695931046260011,-32.00906983117814,-2.9384673895448197,4.654893127528692,-33.940823694250305,22.63677971938894,4.627753157349033,-3.2920868030232127,25.7841064222936,4.652725734890894
5.092398408160256,0.10004061510730437,4.666532031576313,-32.00906983117814,-2.9384673895448197,4.654893127528692,-33.940823694250305,22.632652443052304,4.770301415064948,-3.0953154071490983,25.7841064222936,4.599908562222374
4.998916220435258,0.10004061510730437,4.616207887444676,-32.00906983117814,-2.9364258306040294,4.636410696427348,-33.771810044140835,22.377987539168615,4.742746643255658,-3.2920868030232127,25.783505213198577,4.598926165503633
5.027482109157637,0.10001737623181055,4.64378904711753,-32.011198836414366,-5.441079415498971,4.613335894708319,-34.0482112445978,19.97554073359827,4.599086739245013,-4.828693773308698,24.676721103647573,4.676727347372119
5.024958926176544,0.10000164530071312,4.592808382680237,-32.0526567908246,-5.82564296945832,4.596391930472553,-35.25674442692703,19.646629709872165,4.643977687043834,-5.803784865515515,24.902924559644617,4.639639941926458
4.949394192558578,0.10000164530071312,4.592808382680237,-32.00351505804367,-5.84546325314563,4.596390500694653,-35.25674442692703,19.74058681792008,4.611473010822064,-5.803784865515515,24.891703069139925,4.639639941926458
5.024958926176544,0.10004130798177116,4.592808382680237,-31.88457390202531,-5.82564296945832,4.593574304825162,-35.25795887149431,19.646629709872165,4.6446334434016485,-5.876873090496402,24.902924559644617,4.639639941926458
4.907612076624353,0.10000541794437545,4.639383656638867,-34.09749545475364,-5.061408091991241,4.625205813649324,-33.839873430431105,19.72757590598932,4.565701744059196,-6.124454624848703,23.888087502131647,4.5778331886158
5.0275582270209656,0.10000377980786593,4.633820868501102,-32.05274737143869,-5.824520102375583,4.597820047014836,-34.72695768946538,19.57669415793504,4.62027028392572,-6.164402136013237,24.785059592751487,4.6395847237761005
5.040011475352476,0.10000639681099645,4.6055313189799,-32.392905810642105,-5.8413709756220795,4.57268776762751,-34.633900308626814,20.184175421331293,4.666008440028979,-6.189780977722721,24.473627702912374,4.613516355552301
5.091493177243749,0.10004128608639089,4.643646931187721,-32.224832954808676,-5.563676343278457,4.5821146656276435,-34.623477694129264,19.956743664565856,4.6786432048035955,-6.214380648272131,24.83554016931253,4.60188407388288
5.093411414101992,0.10004128608639089,4.643646931187721,-32.220195227311336,-5.563676343278457,4.5821146656276435,-34.62609716257583,19.929185096428757,4.599739539388384,-6.214380648272131,24.83554016931253,4.60188407388288
5.025727551394862,0.10000377980786593,4.6332656863626775,-32.05274737143869,-5.824520102375583,4.598050549002695,-34.71760732683669,19.64130820761645,4.625660387881295,-6.307832538743899,24.78996691855746,4.639812922927119
4.974649051103322,0.10000977621838497,4.610770440325652,-32.08593538421316,-5.228938922444852,4.621648617083858,-34.623497669664175,19.72757590598932,4.616124433976598,-6.133481293976997,24.89156305877007,4.603848171784862
4.976585870376303,0.10000977621838497,4.60879453943456,-32.05274770367944,-5.216283537494053,4.61348866018384,-34.489230550255755,19.701909765333827,4.616042237251687,-5.979123327399677,24.342256735377127,4.5944583453555685
4.96971988134763,0.10000853471213896,4.642503974999947,-32.08482520754297,-5.2328878173276765,4.635762775659747,-34.10420859144468,19.72756148323542,4.615364014135512,-6.153233887229586,24.852199466221297,4.601806646920058
4.9667614437170835,0.10000948329540589,4.608620619183939,-32.05274770367944,-5.228938922444852,4.612971950890359,-34.4703860470329,19.72757590598932,4.616042237251687,-6.096227296728737,24.287863733448482,4.547060343468885
4.974277438188668,0.10004023431203639,4.627359467222341,-32.05313245751586,-5.137393554241166,4.635847844034592,-34.10420859144468,19.72299482040711,4.628258018478355,-6.153233887229586,24.852199466221297,4.600707792101633
4.96971988134763,0.10003944690953269,4.642503974999947,-32.05313245751586,-5.059244023948232,4.635762775659747,-34.10420859144468,19.7278426088875,4.628258018478355,-6.153233887229586,24.852199466221297,4.601806646920058
4.954818416224102,0.10004023431203639,4.627359467222341,-32.01678468147024,-5.146988441981325,4.601004676426163,-34.10416544164722,19.616604451816162,4.628258018478355,-6.153233887229586,24.580126818470152,4.600707792101633
4.954818416224102,0.10004023431203639,4.627359467222341,-32.0150495876394,-5.137942775003349,4.637123682474344,-34.1041626696322,19.616604451816162,4.628258018478355,-6.153233887229586,24.57843493891529,4.600707792101633
4.974277438188668,0.10004023431203639,4.627359467222341,-32.05313245751586,-5.137393554241166,4.635847844034592,-33.768171416127416,19.72299482040711,4.60416779730051,-6.153233887229586,24.487322591283775,4.5793719070706835
4.974277438188668,0.10001309057725485,4.619498403387619,-31.903123090264046,-5.145908939221364,4.635847844034592,-33.768171416127416,19.72299482040711,4.60416779730051,-6.153233887229586,24.487322591283775,4.5793719070706835
4.907020633159402,0.10000325934778623,4.639283758975092,-32.00528183837186,-5.063167513881576,4.6277940979037195,-33.74213781496747,19.522319018892734,4.563152508168177,-6.0805596767523165,23.888087502131647,4.579281712554253
3.072962563538044,0.10001026953368054,3.8894101532319763,-12.36870514723882,-10.001165167187022,3.863435127230548,-10.889027195084221,11.578829149757013,3.86284527536233,-3.0642247959353672,-22.95984632410268,3.900734842017364
3.072962563538044,0.10001077784316219,3.891567843838403,-12.36870514723882,-9.296027585098651,3.863435127230548,-11.036831226492339,11.578829149757013,3.89519356100028,-3.0739680177254427,-22.666270676707935,3.8883722896497117
3.0704585893640375,0.10000731834752231,3.864840830649428,-13.4842827158673,-7.5136067481120445,3.8552645124641067,-9.823363125615034,11.810514932620494,3.8991036377785564,-3.148759632610777,25.830454665877713,3.875930230194186
3.0704585893640375,0.10000436986528759,3.8427002878480123,-13.459510260626871,-7.5136067481120445,3.8571087820114536,-9.826504989007175,11.810480483940124,3.8990873513421827,-3.1489761493117086,25.814328568923923,3.875702467274494
3.0451877023720217,0.10000000723679528,3.868814515520385,-14.101095846656227,-8.580167901906597,3.8440192841642515,-9.907832344746101,11.56315998369627,3.856573207879032,-4.142249846178548,-20.318647868979898,3.8416429018221305
3.032156105732653,0.10000647731275586,3.8765640046069567,-14.08676944467042,-6.389096408206834,3.8251367063713175,-8.595086447227786,12.724155972285297,3.8333903531204063,-4.891039593077027,-18.880872576573775,3.84721339427687
3.0330636517282086,0.1000009876977377,3.8405133239363582,-14.086632300231969,-6.742780654475112,3.8464794836266933,-10.07648258475537,11.538607730105394,3.861095046409431,-4.8800246633977435,-19.22296757278753,3.8510561810214385
3.0339040787171494,0.10000013032818476,3.868869848215752,-14.08676944467042,-6.500186995266326,3.8256683718443476,-9.97131773269398,11.559615040438164,3.856510105567483,-5.005727830867036,-18.88123469192661,3.84721339427687
3.0321330570029987,0.10000013345344443,3.868869848215752,-14.08676944467042,-6.500186995266326,3.8257566901688476,-9.97069420461054,11.559615040438164,3.856510105567483,-5.005727830867036,-18.880060558832184,3.84721339427687
3.0336941132489845,0.10000013032818476,3.868869848215752,-14.08676944467042,-6.500186995266326,3.8256683718443476,-9.916542645525801,11.559615040438164,3.856510105567483,-5.005727830867036,-18.88123469192661,3.832314076682372
3.030837154558935,0.10000726919417495,3.841746211816296,-14.225970180051283,-6.813280912135822,3.8566664777446924,-9.926369751458937,11.5193309958686,3.8613088267705566,-4.66353717926833,-18.760660909125697,3.87567992957098
2.995169547139413,0.10000525707081857,3.8176590937712973,-14.130721123880676,-6.617650850425029,3.835749124307477,-9.919361468578767,11.36737123970539,3.8215526860445834,-4.893954679550793,-18.930870107957194,3.8337005356375484
3.0339022932438673,0.10000021105972944,3.868869848215752,-14.130704656085939,-6.454823284926199,3.863807823181573,-9.974116559301297,11.51232021715133,3.8613866475366705,-4.1479265866277695,-18.604963881421618,3.846705465618662
3.033692327775703,0.10000021105972944,3.868869848215752,-14.130704656085939,-6.454823284926199,3.863807823181573,-9.91934147213312,11.51232021715133,3.8613866475366705,-4.1479265866277695,-18.604963881421618,3.831806148024164
2.9944835347563816,0.10000525707081857,3.817834196563526,-14.130712686097148,-6.609878972031748,3.8219799164471633,-9.919361468578767,11.36737123970539,3.8215526860445834,-4.893954679550793,-18.879607042287752,3.835653350110864
3.030837154558935,0.10000716834581892,3.841746211816296,-14.23652248227894,-6.401292317952636,3.8566664777446924,-9.926369751458937,11.511477700579743,3.8613088267705566,-4.66353717926833,-18.23860478943262,3.8685350331323645
3.030837154558935,0.10000716928803177,3.841746211816296,-14.23652248227894,-6.401292317952636,3.8566664777446924,-9.928015704519598,11.508401248564766,3.8622966257600546,-4.661586906887904,-18.23860478943262,3.869089510376699
3.030837154558935,0.10000716834581892,3.841746211816296,-14.23652248227894,-6.392394469281035,3.8310237613940212,-9.926369751458937,11.511477700579743,3.8613088267705566,-4.7127393546535385,-18.23860478943262,3.8685350331323645
3.033692327775703,0.10000019943290896,3.868869848215752,-14.130704656085939,-6.454823284926199,3.811017433275802,-9.91934147213312,11.51232021715133,3.8613866475366705,-4.1479265866277695,-18.097029555158368,3.839219085825862
3.0072285401448853,0.10000197860822906,3.7934594694543002,-14.100745695107147,-6.379899710696939,3.8440575553709375,-9.919430328796308,11.566618076806632,3.8624584530891197,-4.170198362725549,-17.67832459200952,3.837871746111177
3.0072285401448853,0.10000197860822906,3.7934594694543002,-14.100745695107147,-6.275099266680788,3.8523132142100334,-9.82794148406266,11.566618076806632,3.8624724463348743,-4.170198362725549,-17.67832459200952,3.8378038018518192
3.0316635594348162,0.10000517305934713,3.8178912138434264,-14.032034517423124,-6.719403504394427,3.8617929657770427,-9.937341787430586,11.556343017040552,3.861656598469083,-3.000723421361765,-17.391074318076758,3.868549689775721
3.0328395577229696,0.10000517305934713,3.8178912138434264,-14.067783800291778,-6.519152428068169,3.8617929657770427,-9.937341787430586,11.555221905067723,3.861656598469083,-3.000723421361765,-17.391074318076758,3.868549689775721
3.031799648621269,0.10000517305934713,3.8178912138434264,-14.067783800291778,-6.519152428068169,3.8617880254979706,-9.937341787430586,11.555215607372697,3.861656598469083,-3.000723421361765,-17.391074318076758,3.868549689775721
3.031987642816078,0.1000017024519935,3.8730626577735587,-14.08119988867256,-6.716992237084496,3.844388731079649,-10.527376647462182,11.309408700654638,3.824012558190343,-3.024214357155458,-17.410674598431864,3.859184809781049
2.998025543504858,0.10000413732366593,3.8363001745395033,-14.152494172837462,-6.715510631139937,3.856569474769406,-10.527376647462182,11.309408700654638,3.824012558190343,-3.0393729507071314,-17.410674598431864,3.8681956790240357
3.0527995446765006,0.10000004714325005,3.8723648520579927,-14.0247578392582,-6.371535094979872,3.863712611983971,-5.661285039739303,21.02826781272391,3.857504351443516,-20.990676671597843,18.397135961105054,3.8580026556500604
3.05265310211444,0.10000790253915405,3.871520711170868,-14.024677244215969,-6.389304601299573,3.845677919275172,-5.4448619022438285,20.54112303010662,3.862986791490718,-20.91837942371658,19.11394964201418,3.8589372034082405
3.0527393259559976,0.10000779059394103,3.8723648520579927,-14.02939290267054,-6.371771142051591,3.8456736757441514,-5.661285039739303,20.56202799454482,3.857464019341995,-20.990676671597843,18.397135961105054,3.874490960866799
3.0590916783299034,0.10000774299033498,3.8897318954477385,-14.02939290267054,-6.371722017144843,3.8456798500878673,-5.661285039739303,19.59021965618844,3.855441626304304,-20.913196133502023,18.39092703875417,3.8725020754036175
3.0590916783299034,0.10000584278706454,3.890100861717004,-14.02939290267054,-6.389971600842561,3.8456795520360183,-5.661285039739303,19.59021965618844,3.855441626304304,-20.912950097436784,18.324925081908297,3.8725020754036175
3.073623666449445,0.1000103300694062,3.8940717695468843,-14.065491444991322,-6.270462773917153,3.852809782950956,-5.56123562102813,19.08876465066954,3.8629160093442985,-20.920020657836098,18.12554561330346,3.8604529703493244
3.073623666449445,0.1000103300694062,3.8939640994822557,-14.065491444991322,-6.274953570081114,3.852809782950956,-5.56123562102813,19.087231527866646,3.8629160093442985,-20.920020657836098,18.106383477649818,3.8604529703493244
3.0736058607840198,0.1000103300694062,3.8939640994822557,-14.065491444991322,-6.274953570081114,3.8450072802432724,-5.441672863586316,19.087231527866646,3.862986742270627,-20.920028477655592,18.050770115297734,3.860449645538705
3.052759487330317,0.10000542433411166,3.8710843058264275,-14.086812023938037,-6.399717650956628,3.8368684670119344,-5.661285039739303,19.118819817405026,3.865724816291849,-20.846469967430576,16.957105647647353,3.859506843449813
2.6305675932219748,0.10001302938846905,3.6097886043788816,-9.049903910813736,-12.6026441369702,3.6136719340316374,-7.923501480479452,13.69033809214909,3.6261007306834685,-14.497911935119662,0.37748371507863254,3.6009216636512624
2.6305675932219748,0.10001965815443176,3.608585989396768,-9.067295222332499,-12.6026441369702,3.6136719340316374,-7.923501480479452,13.687061414780256,3.6261007306834685,-14.497911935119662,0.37748371507863254,3.6009216636512624
2.6305675932219748,0.10001965815443176,3.608585989396768,-9.067295222332499,-12.59638906376557,3.6136719340316374,-7.923501480479452,13.687061414780256,3.6261007306834685,-14.497911935119662,0.37748371507863254,3.6009216636512624
2.6305675932219748,0.10001966805860522,3.6079195426702353,-9.067295222332499,-12.59638906376557,3.613809914927571,-9.912066233120944,13.686208095665762,3.6155547717335983,-14.497911935119662,0.37748371507863254,3.6009216636512624
2.6305675932219748,0.10001992222146833,3.5763461265630982,-9.067295222332499,-12.59638906376557,3.613809914927571,-8.646720324248685,13.689165217702804,3.6155547717335983,-14.497911935119662,0.3278626174693555,3.6009216636512624
2.6192432017308094,0.10000073012875041,3.599892305913595,-9.053472378422994,-12.373940549858718,3.5937251845534615,-8.111077436990296,13.600244073607472,3.6257003366381246,-15.435749277702143,2.5676338797778655,3.6088854197060196
2.5957431063792,0.10000426702733431,3.6064557342142507,-9.04340457045834,-10.631677672442152,3.5971418657700243,-8.615824034965149,14.56009060977214,3.5834398460588566,-14.901420236595543,1.8547968736823215,3.5912411057643
2.5957179468592297,0.10000426702733431,3.605573651146069,-9.04340457045834,-10.631677672442152,3.5971418657700243,-8.654806565026302,14.56009060977214,3.5819897815533754,-14.901420236595543,1.8547968736823215,3.5912411057643
2.6305675932219748,0.10001948880532209,3.608585989396768,-9.067295222332499,-10.891909102519497,3.6136719340316374,-7.923501480479452,13.69204144039248,3.5994834574339913,-14.532405773161697,1.2646316728908276,3.6009216636512624
2.6188367253360987,0.1000035635397179,3.6105758811620143,-8.98947213068467,-10.85913394050715,3.6144553679174325,-8.820668421000054,13.656671212504023,3.6166453390792515,-15.438040910335454,1.8585975355400928,3.6271881725666884
2.6305675932219748,0.10001994684217612,3.5706030779906297,-9.067295222332499,-10.79412759605029,3.6136719340316374,-7.923501480479452,13.69204144039248,3.597962305678199,-14.532405773161697,1.2646316728908276,3.6009216636512624
2.6192670080986065,0.10001323389666204,3.609329587552628,-9.053472378422994,-10.887650648500662,3.615583717319047,-8.827074767445254,13.314673706032906,3.594880636559951,-15.438040910335454,1.2919521326676775,3.6187564386541506
2.6192709915985475,0.10001323389666204,3.6093661812009445,-8.98947213068467,-10.887650648500662,3.6144553679174325,-8.823335116843708,13.277883625639827,3.594880636559951,-15.438040910335454,1.2919521326676775,3.618274469353651
2.6192709915985475,0.10001323389666204,3.6106033865799794,-8.98947213068467,-10.860158426475074,3.6144553679174325,-8.823284724358842,13.277883625639827,3.594880636559951,-15.438040910335454,1.2730531559201699,3.618274469353651
2.6192432017308094,0.10000064010417745,3.620198663299207,-9.053472378422994,-9.730191198184329,3.611341751986468,-7.955634425666377,13.600244073607472,3.6257003366381246,-15.180221614905847,2.32671398880969,3.6088854197060196
2.6192432017308094,0.10001341323568383,3.608860344329036,-9.053472378422994,-9.720135686253773,3.611341751986468,-7.955634425666377,13.600244073607472,3.6257003366381246,-15.435749277702143,2.8492190122841654,3.6088854197060196
2.583546345649578,0.10003235495257433,3.578153683341323,-9.107172831865116,-9.852888701852017,3.5855948394363812,-7.996547810249609,13.417358447994118,3.586830647777154,-15.54318378407435,2.810784184352953,3.607757229000926
2.5879569291121887,0.10001150056617936,3.5791050808753884,-9.686739484669625,-9.796111635639724,3.5843420846931955,-8.81254777162839,13.417369171160669,3.5996203504664943,-16.751192162014714,2.880678237617211,3.609011460204225
2.601810948110233,0.10000838203076136,3.5782272791696337,-9.05010762695159,-9.79641753232361,3.6147976007597875,-8.812799545742248,13.404488956186112,3.586708083090464,-16.78921322532637,2.881498967244738,3.601394692447133
2.5819909987840526,0.10001306395005008,3.5782272791696337,-9.05010762695159,-9.766635687062381,3.6147976007597875,-8.807679797048669,13.393264354617147,3.5864557639412027,-16.750024976883246,2.8728528766364736,3.617835290625436
2.59638167061305,0.10000366430194954,3.6084813713144652,-9.689287327046948,-9.38828216310059,3.5722997335307674,-9.546016474150193,13.537027840408633,3.6019066257997565,-16.34978273974833,2.0934600582849723,3.6095535675029313
2.595897664016247,0.10000328828292872,3.608173046222813,-9.776263480743223,-8.794625706633443,3.584304633678557,-8.851524826042734,14.087724803411632,3.635026814393043,-16.751215225853375,2.8350994987230673,3.6067798598244574
2.595897664016247,0.10000328828292872,3.6268097359353173,-9.685054311822126,-8.794625706633443,3.584304633678557,-8.851524826042734,14.087724803411632,3.635026814393043,-16.751192162014714,2.833226378748657,3.6092679004909978
2.583888270935837,0.1000055837271905,3.5782272791696337,-9.693992723265625,-8.66008062726348,3.5739802504065814,-8.833441349483397,13.552922042538947,3.588636195487471,-16.283907833098077,2.8723015370182305,3.607298525099851
2.5838038795694795,0.1000055837271905,3.5782272791696337,-9.69567843953267,-8.65974936573686,3.573764804505605,-8.833441349483397,13.552922042538947,3.5885192890354642,-16.283907833098077,2.8723015370182305,3.607941051404194
2.5879569291121887,0.10001150056617936,3.580000237513546,-9.695676890962517,-8.64242889129428,3.5843420846931955,-8.826031366285466,13.420753676976787,3.597002727696509,-16.75907126001046,2.880678237617211,3.6090528510968056
2.5879569291121887,0.10001150056617936,3.5791050808753884,-9.695676890962517,-8.64242889129428,3.5843420846931955,-8.827074767445254,13.417369171160669,3.5996203504664943,-16.751192162014714,2.880678237617211,3.6090101398605805
2.5414881617520417,0.10001244853463659,3.579224214472805,-9.694704495342785,-8.494605246287808,3.5471444941289216,-8.84173026871145,13.54909881486968,3.599639458087804,-16.772276696077494,2.871017922803597,3.606025313208545
2.293793958127134,0.10000099921757337,3.4176611263339267,-9.724400554679205,-11.629738819036156,3.3813227670116253,-8.641533003106515,10.342877058134745,3.3720457405072852,-17.505834328495578,2.9865702093948783,3.3722815237365755
2.5414881617520417,0.10001244853463659,3.5490146804631264,-10.68346984685612,-8.494605246287808,3.5471444941289216,-8.84173026871145,13.387236238735028,3.599801226714602,-16.772276696077494,2.810170313972874,3.5812996507420065
2.5414881617520417,0.10001495059436523,3.5490146804631264,-10.150859646395093,-8.494605246287808,3.5478077930248437,-8.65494600032925,13.387236238735028,3.6204257422830213,-16.772276696077494,2.8096373427899164,3.582896058877407
2.5838760121556925,0.1000055837271905,3.5782272791696337,-9.69386149864105,-8.777823775905222,3.5843420846931955,-8.95600935137009,13.042669803858402,3.587437419423398,-17.896910483180193,2.8803443470498427,3.6089386894679016
2.584105138055758,0.10000553111259623,3.5782272791696337,-9.6940079337575,-8.777823775905222,3.5843420846931955,-9.604915395300736,13.042669803858402,3.587437419423398,-17.896910483180193,2.8898654234182795,3.6089386894679016
2.583888270935837,0.1000055837271905,3.5782272791696337,-9.693992723265625,-8.666610543869691,3.5843420846931955,-8.833441349483397,13.040757544770493,3.588636195487471,-17.896910483180193,2.8802700917352415,3.6090101398605805
2.309291722965422,0.1000007088449977,3.459549536904561,-8.896568545086813,-11.647039865682567,3.393800300072195,-8.63016458442316,10.056111503946711,3.3782242883230986,-16.243424981070625,0.9513875990717444,3.4517375043999947
2.354920954178647,0.10000539293649804,3.439911568235024,-8.866600548835319,-10.785138174337261,3.423380868542234,-8.6826581630427,10.2403476937449,3.3877053017257825,-15.106288353642642,-0.0793051922765251,3.410251210758743
2.2784167847026415,0.1000055821103045,3.4279823699448104,-8.807178647710906,-10.50379344338122,3.4236596943731192,-8.680645657404638,10.324562250988128,3.370576453083793,-15.274618869704566,-0.03753822210783997,3.4102507598685543
2.2784171659803336,0.10000583141779355,3.3999849828647797,-8.868872384870288,-10.512949779089428,3.4229797477589883,-8.642405958845089,10.24058114559994,3.3592980926288414,-17.45310653900323,2.9963015606757044,3.4100930773538076
2.2918442821884555,0.10000325127435064,3.4219104078581175,-10.105892535911973,-9.094795127204968,3.3924938655354686,-8.686642436663043,11.30346824020265,3.4117911344528307,-17.434312906462722,2.4885739341984494,3.4104335295656325
2.295317993071641,0.10000539293649804,3.417734990387498,-8.866600548835319,-9.385224830276531,3.41878011905812,-8.642298511481977,10.335626691583583,3.4048329122293826,-17.453033504050836,2.784530971920301,3.410251210758743
2.295317993071641,0.10001503752433456,3.4177004761124117,-8.866600548835319,-9.385224830276531,3.41878011905812,-8.647431166275306,10.335186877606251,3.4048329122293826,-17.449579165602522,2.784530971920301,3.410251210758743
2.295264242172712,0.10000539293649804,3.4177298079616074,-8.866600548835319,-9.406326379867508,3.423380868542234,-8.642298511481977,10.2403476937449,3.4048329122293826,-17.45310653900323,2.784530971920301,3.410251210758743
2.279317153202429,0.10000325127435064,3.4177736163950474,-8.866600548835319,-8.926526582740971,3.392824974429405,-8.64748183745619,10.323064169835703,3.369822324843531,-17.45310653900323,2.9963015606757044,3.4104335295656325
2.2803431913340457,0.1000029973537719,3.3991084984734745,-8.866600548835319,-8.926526582740971,3.392824974429405,-8.968988452887574,10.323064169835703,3.369822324843531,-17.87310065355036,2.7947227577024703,3.4104335295656325
2.2793599109895655,0.10000325127435064,3.418184538460672,-8.866600548835319,-8.926526582740971,3.392824974429405,-8.64748183745619,10.240982131514546,3.369822324843531,-17.287861388807794,-0.1216911305210675,3.4102551083585464
2.279317153202429,0.10000308369648528,3.4177736163950474,-8.866600548835319,-8.926526582740971,3.393164520654072,-8.647467436148755,10.24019707326468,3.339175697307671,-17.45310653900323,2.9963015606757044,3.410251210758743
2.283801132305734,0.10001509297682087,3.417700858687416,-8.866600548835319,-8.926526582740971,3.3924016101175742,-8.647467436148755,10.238148319789149,3.339175697307671,-17.491528690600482,2.9963015606757044,3.376738288913612
2.2914771948120505,0.10000229462520151,3.39624105214083,-9.727072205826031,-8.600367741206782,3.379932260619987,-8.684056226022161,10.513502069421216,3.371534682010603,-17.85757248697801,0.4618669495740022,3.4107086700075824
2.2283298983305064,0.10001498037023367,3.3775988598602718,-10.114008903518426,-8.843969869153012,3.344532415603237,-8.658998201247954,10.233062570745524,3.339228327785253,-17.679565385332584,2.8272806769352625,3.309735078462445
2.083657059188341,0.10000247763877018,3.1976260147079785,-9.077474894242629,-7.397833449692196,3.1933301906039007,-9.773217925229659,11.080054313222064,3.228672529875153,-15.686633860259413,2.06607472209463,3.2520887499171933
2.3030388605119327,0.10000629940470691,3.4217458210699148,-9.717621203668086,-6.854690955216638,3.37896648501072,-8.76154113447928,11.342819573172216,3.411937518574577,-17.76763431982123,3.015029503016961,3.4166052715984367
2.3030388605119327,0.10000625980631134,3.4217458210699148,-9.70127612314998,-6.854690955216638,3.37896648501072,-8.76154113447928,11.342819573172216,3.413966504731223,-17.76763431982123,3.015029503016961,3.4166052715984367
2.3030388605119327,0.10000600020229995,3.4217458210699148,-9.703491096802885,-6.854690955216638,3.37896648501072,-8.76154113447928,11.269336962864935,3.4222759104894465,-17.76763431982123,3.015029503016961,3.430540009478029
2.2959478419157175,0.1000051078773131,3.4217458210699148,-9.703491096802885,-6.847302173578731,3.37896648501072,-8.753627390841409,11.269336962864935,3.4222759104894465,-17.76763431982123,3.2791511696539652,3.430540009478029
2.3030388605119327,0.10000600020229995,3.4217458210699148,-9.703491096802885,-6.854690955216638,3.37896648501072,-8.7609765691007,11.188247392041777,3.4222759104894465,-17.76763431982123,3.015029503016961,3.430540009478029
2.2956010284401076,0.10000559490147214,3.3965989832830616,-10.11378134172059,-6.614457284220405,3.4257351129825997,-8.944010103583105,11.26615524091113,3.365555922007095,-17.490998780133502,2.8923742901203537,3.407935039983146
2.302627089042227,0.10001114052862356,3.412039686990153,-10.11908801222838,-6.407992054475392,3.4234163743702513,-8.68445887271968,11.309940000946902,3.365134698923511,-17.490998780133502,3.077142102944996,3.4185826260497323
2.302627089042227,0.10001035899993391,3.412039686990153,-10.159058764121266,-6.407992054475392,3.4234163743702513,-8.613222069624314,11.29502913074821,3.365134698923511,-17.490998780133502,3.077142102944996,3.4185826260497323
2.302627089042227,0.10001110568736077,3.4661603858838697,-10.11378134172059,-6.407992054475392,3.4257351129825997,-8.685211592997744,11.292765991972145,3.365134698923511,-17.490998780133502,3.077142102944996,3.4089774855745545
2.086977030000804,0.10000499222834547,3.229488641684652,-8.83106035898485,-6.48114546670093,3.2760918273063577,-8.981770379998409,10.02419737833002,3.3033915628905217,-16.487141034312707,1.8343263992884395,3.2593748267431777
2.079207410785281,0.10000527628270707,3.2321568584930827,-9.079014829367065,-6.48660763714204,3.1880643170916696,-8.980854183435124,9.993705014874735,3.306634069699256,-16.441522249978288,1.8236806981606954,3.261785587013918
2.150068226215146,0.1000040547831635,3.3137231150609487,-8.777160670774464,-6.389746442042611,3.269306216545105,-8.85273017086626,9.994893838056877,3.3177662860976604,-16.036099163390787,1.5811871830662287,3.3885151559843067
2.001316047949501,0.10000609077435739,3.1847268237932345,-9.074160391107489,-6.489290746011581,3.162664561348266,-8.67560571496843,9.856330130471438,3.228675571563124,-16.04182073330056,1.8271977485407396,3.263286901330176
2.005024107218352,0.10000609077435739,3.24653855068787,-9.074160391107489,-5.810080778923425,3.162664561348266,-8.67560571496843,9.94404363722763,3.1424684901322144,-15.864856263684125,1.823499235915131,3.2417681636711557
2.005024107218352,0.10000255003306024,3.193083313969735,-8.94501233027114,-5.836195272317934,3.23503756914293,-8.67560571496843,9.830499760581416,3.1001322805956546,-15.529647855781217,1.8511670626857197,3.2090430844970537
2.0016200525777434,0.10000249298379714,2.867765962701866,-8.958046230230694,-5.754094162055907,3.2342380447161108,-8.67560571496843,9.809968695344995,3.3069956247436254,-15.558692996975106,1.8526743275462612,2.57270056436542
